389e350699bfe9afe95b25b40f294b62a8094cdfa27474542cac278d6033fdbd
